time_256_enc = 0.019672393798828125
time_256_dec = 0.37616968154907227
time_512_enc = 0.047061920166015625
time_512_dec = 1.7926645278930664
time_1024_enc = 0.13124465942382812
time_1024_dec = 9.766685962677002
time_1536_enc = 0.2597465515136719
time_1536_dec = 29.017523527145386
time_2048_enc = 0.41860079765319824
time_2048_dec = 61.615302085876465
time_3072_enc = 0.855095386505127
time_3072_dec = 191.5563428401947
time_4096_enc = 1.4876861572265625
time_4096_dec = 437.4986264705658
